79513, 0
79513, 1
79513, 2
79513, 3
79513, 4
79513, 5
79513, 6
79513, 7
79513, 8
79513, 9
79513, 10
79513, 11
79513, 12
79513, 13
79513, 14
79513, 15
79513, 16
79513, 17
79513, 18
79513, 19
79513, 20
79513, 21
79513, 22
79513, 23
79513, 24
79513, 25
79513, 26
79513, 27
79513, 28
79513, 29
79513, 30
79513, 31
79513, 32
79513, 33
79513, 34
79513, 35
79513, 36
79513, 37
79513, 38
79513, 39
79513, 40
79513, 41
79513, 42
79513, 43
79513, 44
79513, 45
79513, 46
79513, 47
79513, 48
79513, 49
79513, 50
79513, 51
79513, 52
79513, 53
79513, 54
79513, 55
79513, 56
79513, 57
79513, 58
79513, 59
79513, 60
79513, 61
79513, 62
79513, 63
79513, 64
79513, 65
79513, 66
79513, 67
79513, 68
79513, 69
79513, 70
79513, 71
79513, 72
79513, 73
79513, 74
79513, 75
79513, 76
79513, 77
79513, 78
79513, 79
79513, 80
79513, 81
79513, 82
79513, 83
79513, 84
79513, 85
79513, 86
79513, 87
79513, 88
79513, 89
79513, 90
79513, 91
79513, 92
79513, 93
79513, 94
79513, 95
79513, 96
79513, 97
79513, 98
79513, 99
79514, 0
79514, 1
79514, 2
79514, 3
79514, 4
79514, 5
79514, 6
79514, 7
79514, 8
79514, 9
79514, 10
79514, 11
79514, 12
79514, 13
79514, 14
79514, 15
79514, 16
79514, 17
79514, 18
79514, 19
79514, 20
79514, 21
79514, 22
79514, 23
79514, 24
79514, 25
79514, 26
79514, 27
79514, 28
79514, 29
79514, 30
79514, 31
79514, 32
79514, 33
79514, 34
79514, 35
79514, 36
79514, 37
79514, 38
79514, 39
79514, 40
79514, 41
79514, 42
79514, 43
79514, 44
79514, 45
79514, 46
79514, 47
79514, 48
79514, 49
79514, 50
79514, 51
79514, 52
79514, 53
79514, 54
79514, 55
79514, 56
79514, 57
79514, 58
79514, 59
79514, 60
79514, 61
79514, 62
79514, 63
79514, 64
79514, 65
79514, 66
79514, 67
79514, 68
79514, 69
79514, 70
79514, 71
79514, 72
79514, 73
79514, 74
79514, 75
79514, 76
79514, 77
79514, 78
79514, 79
79514, 80
79514, 81
79514, 82
79514, 83
79514, 84
79514, 85
79514, 86
79514, 87
79514, 88
79514, 89
79514, 90
79514, 91
79514, 92
79514, 93
79514, 94
79514, 95
79514, 96
79514, 97
79514, 98
79514, 99
79515, 0
79515, 1
79515, 2
79515, 3
79515, 4
79515, 5
79515, 6
79515, 7
79515, 8
79515, 9
79515, 10
79515, 11
79515, 12
79515, 13
79515, 14
79515, 15
79515, 16
79515, 17
79515, 18
79515, 19
79515, 20
79515, 21
79515, 22
79515, 23
79515, 24
79515, 25
79515, 26
79515, 27
79515, 28
79515, 29
79515, 30
79515, 31
79515, 32
79515, 33
79515, 34
79515, 35
79515, 36
79515, 37
79515, 38
79515, 39
79515, 40
79515, 41
79515, 42
79515, 43
79515, 44
79515, 45
79515, 46
79515, 47
79515, 48
79515, 49
79515, 50
79515, 51
79515, 52
79515, 53
79515, 54
79515, 55
79515, 56
79515, 57
79515, 58
79515, 59
79515, 60
79515, 61
79515, 62
79515, 63
79515, 64
79515, 65
79515, 66
79515, 67
79515, 68
79515, 69
79515, 70
79515, 71
79515, 72
79515, 73
79515, 74
79515, 75
79515, 76
79515, 77
79515, 78
79515, 79
79515, 80
79515, 81
79515, 82
79515, 83
79515, 84
79515, 85
79515, 86
79515, 87
79515, 88
79515, 89
79515, 90
79515, 91
79515, 92
79515, 93
79515, 94
79515, 95
79515, 96
79515, 97
79515, 98
79515, 99
79516, 0
79516, 1
79516, 2
79516, 3
79516, 4
79516, 5
79516, 6
79516, 7
79516, 8
79516, 9
79516, 10
79516, 11
79516, 12
79516, 13
79516, 14
79516, 15
79516, 16
79516, 17
79516, 18
79516, 19
79516, 20
79516, 21
79516, 22
79516, 23
79516, 24
79516, 25
79516, 26
79516, 27
79516, 28
79516, 29
79516, 30
79516, 31
79516, 32
79516, 33
79516, 34
79516, 35
79516, 36
79516, 37
79516, 38
79516, 39
79516, 40
79516, 41
79516, 42
79516, 43
79516, 44
79516, 45
79516, 46
79516, 47
79516, 48
79516, 49
79516, 50
79516, 51
79516, 52
79516, 53
79516, 54
79516, 55
79516, 56
79516, 57
79516, 58
79516, 59
79516, 60
79516, 61
79516, 62
79516, 63
79516, 64
79516, 65
79516, 66
79516, 67
79516, 68
79516, 69
79516, 70
79516, 71
79516, 72
79516, 73
79516, 74
79516, 75
79516, 76
79516, 77
79516, 78
79516, 79
79516, 80
79516, 81
79516, 82
79516, 83
79516, 84
79516, 85
79516, 86
79516, 87
79516, 88
79516, 89
79516, 90
79516, 91
79516, 92
79516, 93
79516, 94
79516, 95
79516, 96
79516, 97
79516, 98
79516, 99
79526, 0
79526, 1
79526, 2
79526, 3
79526, 4
79526, 5
79526, 6
79526, 7
79526, 8
79526, 9
79526, 10
79526, 11
79526, 12
79526, 13
79526, 14
79526, 15
79526, 16
79526, 17
79526, 18
79526, 19
79526, 20
79526, 21
79526, 22
79526, 23
79526, 24
79526, 25
79526, 26
79526, 27
79526, 28
79526, 29
79526, 30
79526, 31
79526, 32
79526, 33
79526, 34
79526, 35
79526, 36
79526, 37
79526, 38
79526, 39
79526, 40
79526, 41
79526, 42
79526, 43
79526, 44
79526, 45
79526, 46
79526, 47
79526, 48
79526, 49
79526, 50
79526, 51
79526, 52
79526, 53
79526, 54
79526, 55
79526, 56
79526, 57
79526, 58
79526, 59
79526, 60
79526, 61
79526, 62
79526, 63
79526, 64
79526, 65
79526, 66
79526, 67
79526, 68
79526, 69
79526, 70
79526, 71
79526, 72
79526, 73
79526, 74
79526, 75
79526, 76
79526, 77
79526, 78
79526, 79
79526, 80
79526, 81
79526, 82
79526, 83
79526, 84
79526, 85
79526, 86
79526, 87
79526, 88
79526, 89
79526, 90
79526, 91
79526, 92
79526, 93
79526, 94
79526, 95
79526, 96
79526, 97
79526, 98
79526, 99
79528, 0
79528, 1
79528, 2
79528, 3
79528, 4
79528, 5
79528, 6
79528, 7
79528, 8
79528, 9
79528, 10
79528, 11
79528, 12
79528, 13
79528, 14
79528, 15
79528, 16
79528, 17
79528, 18
79528, 19
79528, 20
79528, 21
79528, 22
79528, 23
79528, 24
79528, 25
79528, 26
79528, 27
79528, 28
79528, 29
79528, 30
79528, 31
79528, 32
79528, 33
79528, 34
79528, 35
79528, 36
79528, 37
79528, 38
79528, 39
79528, 40
79528, 41
79528, 42
79528, 43
79528, 44
79528, 45
79528, 46
79528, 47
79528, 48
79528, 49
79528, 50
79528, 51
79528, 52
79528, 53
79528, 54
79528, 55
79528, 56
79528, 57
79528, 58
79528, 59
79528, 60
79528, 61
79528, 62
79528, 63
79528, 64
79528, 65
79528, 66
79528, 67
79528, 68
79528, 69
79528, 70
79528, 71
79528, 72
79528, 73
79528, 74
79528, 75
79528, 76
79528, 77
79528, 78
79528, 79
79528, 80
79528, 81
79528, 82
79528, 83
79528, 84
79528, 85
79528, 86
79528, 87
79528, 88
79528, 89
79528, 90
79528, 91
79528, 92
79528, 93
79528, 94
79528, 95
79528, 96
79528, 97
79528, 98
79528, 99
79529, 0
79529, 1
79529, 2
79529, 3
79529, 4
79529, 5
79529, 6
79529, 7
79529, 8
79529, 9
79529, 10
79529, 11
79529, 12
79529, 13
79529, 14
79529, 15
79529, 16
79529, 17
79529, 18
79529, 19
79529, 20
79529, 21
79529, 22
79529, 23
79529, 24
79529, 25
79529, 26
79529, 27
79529, 28
79529, 29
79529, 30
79529, 31
79529, 32
79529, 33
79529, 34
79529, 35
79529, 36
79529, 37
79529, 38
79529, 39
79529, 40
79529, 41
79529, 42
79529, 43
79529, 44
79529, 45
79529, 46
79529, 47
79529, 48
79529, 49
79529, 50
79529, 51
79529, 52
79529, 53
79529, 54
79529, 55
79529, 56
79529, 57
79529, 58
79529, 59
79529, 60
79529, 61
79529, 62
79529, 63
79529, 64
79529, 65
79529, 66
79529, 67
79529, 68
79529, 69
79529, 70
79529, 71
79529, 72
79529, 73
79529, 74
79529, 75
79529, 76
79529, 77
79529, 78
79529, 79
79529, 80
79529, 81
79529, 82
79529, 83
79529, 84
79529, 85
79529, 86
79529, 87
79529, 88
79529, 89
79529, 90
79529, 91
79529, 92
79529, 93
79529, 94
79529, 95
79529, 96
79529, 97
79529, 98
79529, 99